[[3404.12659574]
 [1057.64133493]
 [ 547.08821756]]
[[6774.21192553]
 [2101.64274191]
 [1082.78310833]]
[[10110.59640202]
 [ 3132.20441912]
 [ 1607.2749847 ]]
[[13413.61703375]
 [ 4149.52349706]
 [ 2120.75113489]]
[[16683.60745915]
 [ 5153.79408617]
 [ 2623.39587038]]
[[19920.89798031]
 [ 6145.20732373]
 [ 3115.39057257]]
[[23125.81559625]
 [ 7123.95141992]
 [ 3596.91373875]]
[[26298.68403603]
 [ 8090.21170335]
 [ 4068.14102732]]
[[29439.82379141]
 [ 9044.17066566]
 [ 4529.2453023 ]]
[[32549.55214924]
 [ 9986.00800564]
 [ 4980.39667721]]
[[35628.1832235 ]
 [10915.90067247]
 [ 5421.76255814]]
[[38676.02798701]
 [11834.02290845]
 [ 5853.50768629]]
[[41693.39430288]
 [12740.54629095]
 [ 6275.79417975]]
[[44680.5869556 ]
 [13635.63977375]
 [ 6688.78157463]]
[[47637.90768179]
 [14519.46972775]
 [ 7092.6268656 ]]
[[50565.65520071]
 [15392.19998103]
 [ 7487.48454579]]
[[53464.12524445]
 [16253.99185826]
 [ 7873.50664597]]
[[56333.61058775]
 [17105.00421956]
 [ 8250.84277327]]
[[59174.40107762]
 [17945.39349868]
 [ 8619.64014916]]
[[61986.78366259]
 [18775.31374065]
 [ 8980.04364695]]
[[64771.04242171]
 [19594.91663882]
 [ 9332.19582858]]
[[67527.45859323]
 [20404.35157127]
 [ 9676.23698095]]
[[70256.31060305]
 [21203.76563678]
 [10012.30515165]]
[[72957.87409276]
 [21993.30369009]
 [10340.53618404]]
[[75632.42194758]
 [22773.10837674]
 [10661.06375194]]
[[78280.22432385]
 [23543.32016725]
 [10974.01939366]]
[[80901.54867635]
 [24304.07739091]
 [11279.53254554]]
[[83496.65978533]
 [25055.51626887]
 [11577.73057493]]
[[86065.81978322]
 [25797.77094688]
 [11868.73881276]]
[[88609.28818114]
 [26530.97352742]
 [12152.68058544]]
[[91127.32189507]
 [27255.25410135]
 [12429.6772464 ]]
[[93620.17527186]
 [27970.74077908]
 [12699.84820707]]
[[96088.10011489]
 [28677.55972125]
 [12963.31096738]]
[[98531.34570949]
 [29375.83516896]
 [13220.18114582]]
[[100950.15884814]
 [ 30065.68947342]
 [ 13470.57250898]]
[[103344.7838554 ]
 [ 30747.24312533]
 [ 13714.59700064]]
[[105715.46261259]
 [ 31420.6147836 ]
 [ 13952.36477045]]
[[108062.43458221]
 [ 32085.92130374]
 [ 14183.98420211]]
[[110385.93683213]
 [ 32743.27776583]
 [ 14409.56194114]]
[[112686.20405955]
 [ 33392.79750195]
 [ 14629.20292217]]
[[114963.4686147 ]
 [ 34034.59212323]
 [ 14843.01039589]]
[[117217.9605243 ]
 [ 34668.77154658]
 [ 15051.08595547]]
[[119449.9075148 ]
 [ 35295.44402079]
 [ 15253.52956266]]
[[121659.5350354 ]
 [ 35914.71615246]
 [ 15450.43957346]]
[[123847.06628079]
 [ 36526.69293132]
 [ 15641.91276329]]
[[126012.72221373]
 [ 37131.47775533]
 [ 15828.04435198]]
[[128156.72158733]
 [ 37729.17245525]
 [ 16008.9280281 ]]
[[130279.28096721]
 [ 38319.8773189 ]
 [ 16184.65597316]]
[[132380.61475328]
 [ 38903.69111505]
 [ 16355.31888526]]
[[134460.93520149]
 [ 39480.71111691]
 [ 16521.00600244]]
[[136520.45244522]
 [ 40051.03312523]
 [ 16681.80512568]]
[[138559.37451651]
 [ 40614.75149111]
 [ 16837.80264149]]
[[140577.90736709]
 [ 41171.9591384 ]
 [ 16989.08354416]]
[[142576.25488917]
 [ 41722.74758578]
 [ 17135.73145771]]
[[144554.61893602]
 [ 42267.20696847]
 [ 17277.82865747]]
[[146513.1993424 ]
 [ 42805.42605961]
 [ 17415.45609124]]
[[148452.19394472]
 [ 43337.49229134]
 [ 17548.69340027]]
[[150371.79860102]
 [ 43863.49177552]
 [ 17677.61893982]]
[[152272.20721076]
 [ 44383.50932413]
 [ 17802.30979936]]
[[154153.61173439]
 [ 44897.62846932]
 [ 17922.84182257]]
[[156016.20221279]
 [ 45405.93148327]
 [ 18039.28962695]]
[[157860.16678641]
 [ 45908.49939756]
 [ 18151.72662311]]
[[159685.69171429]
 [ 46405.4120224 ]
 [ 18260.22503381]]
[[161492.96139289]
 [ 46896.74796547]
 [ 18364.85591266]]
[[163282.15837471]
 [ 47382.58465051]
 [ 18465.68916259]]
[[165053.46338671]
 [ 47862.99833557]
 [ 18562.79355391]]
[[166807.05534858]
 [ 48338.06413103]
 [ 18656.23674224]]
[[168543.11139084]
 [ 48807.85601733]
 [ 18746.08528603]]
[[170261.80687268]
 [ 49272.44686239]
 [ 18832.40466389]]
[[171963.3153997 ]
 [ 49731.90843878]
 [ 18915.25929161]]
[[173647.80884144]
 [ 50186.31144068]
 [ 18994.7125389 ]]
[[175315.45734877]
 [ 50635.72550042]
 [ 19070.82674594]]
[[176966.42937103]
 [ 51080.21920497]
 [ 19143.66323955]]
[[178600.89167307]
 [ 51519.860112  ]
 [ 19213.28234927]]
[[180219.00935208]
 [ 51954.71476578]
 [ 19279.74342298]]
[[181820.9458543 ]
 [ 52384.8487128 ]
 [ 19343.10484252]]
[[183406.86299151]
 [ 52810.32651718]
 [ 19403.42403882]]
[[184976.92095734]
 [ 53231.2117758 ]
 [ 19460.75750699]]
[[186531.27834351]
 [ 53647.56713321]
 [ 19515.16082106]]
[[188070.09215582]
 [ 54059.45429634]
 [ 19566.68864854]]
[[189593.51783   ]
 [ 54466.9340489 ]
 [ 19615.39476471]]
[[191101.70924745]
 [ 54870.06626565]
 [ 19661.33206674]]
[[192594.81875072]
 [ 55268.90992641]
 [ 19704.55258754]]
[[194072.99715895]
 [ 55663.52312983]
 [ 19745.10750944]]
[[195536.39378311]
 [ 56053.96310694]
 [ 19783.0471776 ]]
[[196985.15644102]
 [ 56440.28623459]
 [ 19818.42111325]]
[[198419.43147236]
 [ 56822.54804852]
 [ 19851.27802673]]
[[199839.36375338]
 [ 57200.80325637]
 [ 19881.66583028]]
[[201245.09671159]
 [ 57575.10575041]
 [ 19909.63165068]]
[[202636.77234022]
 [ 57945.50862008]
 [ 19935.22184167]]
[[204014.53121256]
 [ 58312.06416439]
 [ 19958.48199615]]
[[205378.51249618]
 [ 58674.82390401]
 [ 19979.45695826]]
[[206728.85396696]
 [ 59033.83859332]
 [ 19998.19083517]]
[[208065.69202304]
 [ 59389.15823218]
 [ 20014.72700879]]
[[209389.16169855]
 [ 59740.8320775 ]
 [ 20029.10814723]]
[[210699.39667731]
 [ 60088.90865471]
 [ 20041.37621608]]
[[211996.52930628]
 [ 60433.43576898]
 [ 20051.57248957]]
[[213280.69060897]
 [ 60774.46051632]
 [ 20059.73756147]]
[[214552.01029862]
 [ 61112.02929447]
 [ 20065.91135591]]
[[215810.61679138]
 [ 61446.18781361]
 [ 20070.13313796]]
[[217056.63721921]
 [ 61776.98110696]
 [ 20072.44152407]]
[[218290.19744276]
 [ 62104.45354117]
 [ 20072.87449235]]
[[219511.42206408]
 [ 62428.64882657]
 [ 20071.46939273]]
[[220720.43443918]
 [ 62749.6100272 ]
 [ 20068.26295682]]
[[221917.35669054]
 [ 63067.37957082]
 [ 20063.29130781]]
[[223102.30971938]
 [ 63381.9992586 ]
 [ 20056.58997005]]
[[224275.41321793]
 [ 63693.5102748 ]
 [ 20048.19387861]]
[[225436.78568149]
 [ 64001.9531962 ]
 [ 20038.13738855]]
[[226586.54442042]
 [ 64307.36800143]
 [ 20026.45428419]]
[[227724.80557196]
 [ 64609.79408016]
 [ 20013.17778813]]
[[228851.68411199]
 [ 64909.27024213]
 [ 19998.34057017]]
[[229967.29386661]
 [ 65205.83472603]
 [ 19981.97475609]]
[[231071.74752369]
 [ 65499.52520829]
 [ 19964.11193631]]
[[232165.1566442 ]
 [ 65790.37881165]
 [ 19944.78317434]]
[[233247.6316735 ]
 [ 66078.43211371]
 [ 19924.0190152 ]]
[[234319.28195251]
 [ 66363.72115523]
 [ 19901.84949363]]
[[235380.21572873]
 [ 66646.28144839]
 [ 19878.30414221]]
[[236430.54016719]
 [ 66926.14798486]
 [ 19853.41199932]]
[[237470.36136126]
 [ 67203.3552438 ]
 [ 19827.20161705]]
[[238499.78434339]
 [ 67477.93719969]
 [ 19799.70106885]]
[[239518.9130957 ]
 [ 67749.92733008]
 [ 19770.93795724]]
[[240527.85056049]
 [ 68019.35862316]
 [ 19740.93942122]]
[[241526.69865063]
 [ 68286.26358527]
 [ 19709.73214367]]
[[242515.55825987]
 [ 68550.67424828]
 [ 19677.34235865]]
[[243494.52927301]
 [ 68812.62217683]
 [ 19643.79585848]]
[[244463.71057603]
 [ 69072.13847549]
 [ 19609.11800082]]
[[245423.20006601]
 [ 69329.2537958 ]
 [ 19573.33371557]]
[[246373.0946611 ]
 [ 69583.99834317]
 [ 19536.46751171]]
[[247313.49031023]
 [ 69836.40188371]
 [ 19498.54348396]]
[[248244.48200287]
 [ 70086.49375097]
 [ 19459.58531944]]
[[249166.16377859]
 [ 70334.3028525 ]
 [ 19419.61630413]]
[[250078.62873655]
 [ 70579.85767639]
 [ 19378.65932927]]
[[250981.96904493]
 [ 70823.18629767]
 [ 19336.73689768]]
[[251876.27595022]
 [ 71064.31638461]
 [ 19293.87112993]]
[[252761.63978647]
 [ 71303.27520492]
 [ 19250.08377045]]
[[253638.14998435]
 [ 71540.08963187]
 [ 19205.39619354]]
[[254505.89508025]
 [ 71774.78615033]
 [ 19159.82940927]]
[[255364.96272519]
 [ 72007.39086266]
 [ 19113.40406931]]
[[256215.43969368]
 [ 72237.92949454]
 [ 19066.14047264]]
[[257057.41189249]
 [ 72466.42740074]
 [ 19018.05857121]]
[[257890.96436931]
 [ 72692.90957076]
 [ 18969.17797546]]
[[258716.18132136]
 [ 72917.40063439]
 [ 18919.51795979]]
[[259533.14610389]
 [ 73139.92486718]
 [ 18869.09746794]]
[[260341.9412386 ]
 [ 73360.50619586]
 [ 18817.93511829]]
[[261142.64842196]
 [ 73579.16820364]
 [ 18766.04920903]]
[[261935.34853348]
 [ 73795.93413541]
 [ 18713.45772333]]
[[262720.12164389]
 [ 74010.82690293]
 [ 18660.17833437]]
[[263497.0470232 ]
 [ 74223.86908989]
 [ 18606.22841027]]
[[264266.20314871]
 [ 74435.08295686]
 [ 18551.62501903]]
[[265027.66771297]
 [ 74644.49044624]
 [ 18496.38493332]]
[[265781.51763158]
 [ 74852.11318709]
 [ 18440.5246352 ]]
[[266527.82905101]
 [ 75057.97249988]
 [ 18384.0603208 ]]
[[267266.67735625]
 [ 75262.08940119]
 [ 18327.00790491]]
[[267998.13717843]
 [ 75464.4846083 ]
 [ 18269.38302548]]
[[268722.28240239]
 [ 75665.17854377]
 [ 18211.20104805]]
[[269439.18617411]
 [ 75864.19133987]
 [ 18152.47707018]]
[[270148.92090811]
 [ 76061.54284303]
 [ 18093.2259257 ]]
[[270851.55829478]
 [ 76257.25261814]
 [ 18033.46218897]]
[[271547.16930757]
 [ 76451.33995282]
 [ 17973.20017905]]
[[272235.82421024]
 [ 76643.82386165]
 [ 17912.4539638 ]]
[[272917.59256389]
 [ 76834.72309027]
 [ 17851.23736395]]
[[273592.54323399]
 [ 77024.05611949]
 [ 17789.56395702]]
[[274260.7443974 ]
 [ 77211.84116927]
 [ 17727.44708129]]
[[274922.26354917]
 [ 77398.09620269]
 [ 17664.89983962]]
[[275577.16750942]
 [ 77582.83892981]
 [ 17601.93510326]]
[[276225.52243007]
 [ 77766.08681153]
 [ 17538.56551559]]
[[276867.39380151]
 [ 77947.85706334]
 [ 17474.80349575]]
[[277502.84645924]
 [ 78128.16665904]
 [ 17410.66124231]]
[[278131.9445904 ]
 [ 78307.03233436]
 [ 17346.15073681]]
[[278754.75174024]
 [ 78484.47059061]
 [ 17281.28374724]]
[[279371.33081858]
 [ 78660.49769815]
 [ 17216.07183152]]
[[279981.74410614]
 [ 78835.12969997]
 [ 17150.52634088]]
[[280586.05326082]
 [ 79008.38241502]
 [ 17084.65842321]]
[[281184.31932396]
 [ 79180.27144165]
 [ 17018.47902634]]
[[281776.60272646]
 [ 79350.81216094]
 [ 16951.99890126]]
[[282362.96329494]
 [ 79520.01973993]
 [ 16885.22860532]]
[[282943.46025774]
 [ 79687.90913489]
 [ 16818.1785054 ]]
[[283518.15225091]
 [ 79854.49509447]
 [ 16750.85878093]]
[[284087.09732414]
 [ 80019.79216284]
 [ 16683.27942696]]
[[284650.35294664]
 [ 80183.81468274]
 [ 16615.45025716]]
[[285207.97601292]
 [ 80346.57679855]
 [ 16547.38090674]]
[[285760.02284854]
 [ 80508.09245924]
 [ 16479.08083535]]
[[286306.5492158 ]
 [ 80668.37542132]
 [ 16410.55932994]]
[[286847.61031938]
 [ 80827.43925174]
 [ 16341.82550757]]
[[287383.26081193]
 [ 80985.29733072]
 [ 16272.88831814]]
[[287913.55479956]
 [ 81141.96285456]
 [ 16203.75654713]]
[[288438.54584731]
 [ 81297.4488384 ]
 [ 16134.43881827]]
[[288958.28698458]
 [ 81451.76811896]
 [ 16064.94359619]]
[[289472.83071048]
 [ 81604.93335717]
 [ 15995.27918897]]
[[289982.22899912]
 [ 81756.95704082]
 [ 15925.45375072]]
[[290486.53330487]
 [ 81907.8514872 ]
 [ 15855.47528407]]
[[290985.79456757]
 [ 82057.62884557]
 [ 15785.35164269]]
[[291480.06321764]
 [ 82206.30109975]
 [ 15715.09053363]]
[[291969.38918121]
 [ 82353.88007056]
 [ 15644.69951979]]
[[292453.82188514]
 [ 82500.37741826]
 [ 15574.18602226]]
[[292933.41026203]
 [ 82645.80464494]
 [ 15503.5573226 ]]
[[293408.20275516]
 [ 82790.1730969 ]
 [ 15432.82056516]]
[[293878.24732335]
 [ 82933.49396699]
 [ 15361.98275931]]
[[294343.59144586]
 [ 83075.77829686]
 [ 15291.05078164]]
[[294804.28212715]
 [ 83217.03697925]
 [ 15220.03137818]]
[[295260.36590162]
 [ 83357.28076018]
 [ 15148.93116645]]
[[295711.88883835]
 [ 83496.52024116]
 [ 15077.75663766]]
[[296158.89654571]
 [ 83634.76588136]
 [ 15006.51415873]]
[[296601.434176  ]
 [ 83772.02799967]
 [ 14935.20997434]]
[[297039.54642998]
 [ 83908.31677685]
 [ 14863.85020895]]
[[297473.27756143]
 [ 84043.64225753]
 [ 14792.44086875]]
[[297902.67138156]
 [ 84178.0143523 ]
 [ 14720.98784365]]
[[298327.77126349]
 [ 84311.44283963]
 [ 14649.49690914]]
[[298748.6201466 ]
 [ 84443.93736787]
 [ 14577.9737282 ]]
[[299165.26054087]
 [ 84575.50745718]
 [ 14506.42385316]]
[[299577.73453121]
 [ 84706.16250144]
 [ 14434.85272753]]
[[299986.08378164]
 [ 84835.91177008]
 [ 14363.26568775]]
[[300390.34953957]
 [ 84964.76440999]
 [ 14291.66796502]]
[[300790.57263992]
 [ 85092.72944726]
 [ 14220.06468699]]
[[301186.79350927]
 [ 85219.81578903]
 [ 14148.4608795 ]]
[[301579.05216992]
 [ 85346.03222522]
 [ 14076.86146824]]
[[301967.38824396]
 [ 85471.38743028]
 [ 14005.27128046]]
[[302351.84095727]
 [ 85595.88996485]
 [ 13933.69504651]]
[[302732.44914344]
 [ 85719.54827752]
 [ 13862.13740154]]
[[303109.25124775]
 [ 85842.37070641]
 [ 13790.60288702]]
[[303482.28533102]
 [ 85964.36548082]
 [ 13719.09595233]]
[[303851.58907345]
 [ 86085.54072288]
 [ 13647.62095625]]
[[304217.19977846]
 [ 86205.90444905]
 [ 13576.18216852]]
[[304579.15437642]
 [ 86325.46457174]
 [ 13504.78377128]]
[[304937.4894284 ]
 [ 86444.22890082]
 [ 13433.42986053]]
[[305292.24112986]
 [ 86562.2051451 ]
 [ 13362.1244476 ]]
[[305643.44531431]
 [ 86679.40091387]
 [ 13290.87146052]]
[[305991.13745691]
 [ 86795.82371831]
 [ 13219.67474544]]
[[306335.35267809]
 [ 86911.48097296]
 [ 13148.53806798]]
[[306676.12574705]
 [ 87026.37999713]
 [ 13077.46511461]]
[[307013.49108533]
 [ 87140.52801628]
 [ 13006.45949392]]
[[307347.48277022]
 [ 87253.93216344]
 [ 12935.52473796]]
[[307678.13453826]
 [ 87366.59948049]
 [ 12864.66430353]]
[[308005.47978862]
 [ 87478.53691956]
 [ 12793.88157341]]
[[308329.55158648]
 [ 87589.75134432]
 [ 12723.17985765]]
[[308650.38266636]
 [ 87700.24953126]
 [ 12652.56239475]]
[[308968.00543544]
 [ 87810.03817095]
 [ 12582.03235286]]
[[309282.45197683]
 [ 87919.12386936]
 [ 12511.59283102]]
[[309593.75405281]
 [ 88027.513149  ]
 [ 12441.24686026]]
[[309901.94310802]
 [ 88135.21245021]
 [ 12370.99740478]]
[[310207.05027269]
 [ 88242.22813232]
 [ 12300.8473631 ]]
[[310509.10636571]
 [ 88348.56647483]
 [ 12230.79956911]]
[[310808.14189779]
 [ 88454.2336786 ]
 [ 12160.85679322]]
[[311104.18707456]
 [ 88559.23586693]
 [ 12091.02174339]]
[[311397.27179956]
 [ 88663.57908676]
 [ 12021.29706625]]
[[311687.42567731]
 [ 88767.26930971]
 [ 11951.68534807]]
[[311974.67801628]
 [ 88870.31243323]
 [ 11882.18911583]]
[[312259.05783186]
 [ 88972.71428162]
 [ 11812.81083821]]
[[312540.59384929]
 [ 89074.48060713]
 [ 11743.5529266 ]]
[[312819.31450654]
 [ 89175.61709097]
 [ 11674.41773606]]
[[313095.24795722]
 [ 89276.12934437]
 [ 11605.40756628]]
[[313368.42207339]
 [ 89376.02290955]
 [ 11536.52466255]]
[[313638.8644484 ]
 [ 89475.30326075]
 [ 11467.77121665]]
[[313906.60239966]
 [ 89573.97580519]
 [ 11399.1493678 ]]
[[314171.66297141]
 [ 89672.04588404]
 [ 11330.66120355]]
[[314434.07293744]
 [ 89769.51877335]
 [ 11262.30876066]]
[[314693.85880381]
 [ 89866.39968503]
 [ 11194.09402599]]
[[314951.04681152]
 [ 89962.69376774]
 [ 11126.01893733]]
[[315205.66293915]
 [ 90058.4061078 ]
 [ 11058.08538428]]
[[315457.7329055 ]
 [ 90153.54173007]
 [ 10990.29520904]]
[[315707.28217219]
 [ 90248.10559886]
 [ 10922.65020727]]
[[315954.33594621]
 [ 90342.1026188 ]
 [ 10855.15212887]]
[[316198.9191825 ]
 [ 90435.53763564]
 [ 10787.80267877]]
[[316441.05658642]
 [ 90528.41543714]
 [ 10720.60351771]]
[[316680.7726163 ]
 [ 90620.74075389]
 [ 10653.55626304]]
[[316918.09148588]
 [ 90712.51826011]
 [ 10586.66248942]]
[[317153.03716676]
 [ 90803.75257446]
 [ 10519.9237296 ]]
[[317385.63339084]
 [ 90894.44826084]
 [ 10453.34147513]]
[[317615.90365268]
 [ 90984.60982914]
 [ 10386.91717712]]
[[317843.8712119 ]
 [ 91074.24173604]
 [ 10320.65224687]]
[[318069.55909552]
 [ 91163.34838575]
 [ 10254.54805663]]
[[318292.99010031]
 [ 91251.93413075]
 [ 10188.60594029]]
[[318514.18679505]
 [ 91340.00327253]
 [ 10122.82719399]]
[[318733.17152285]
 [ 91427.56006229]
 [ 10057.21307684]]
[[318949.96640336]
 [ 91514.6087017 ]
 [  9991.76481156]]
[[319164.59333507]
 [ 91601.15334353]
 [  9926.48358509]]
[[319377.07399747]
 [ 91687.1980924 ]
 [  9861.37054928]]
[[319587.42985324]
 [ 91772.74700543]
 [  9796.42682145]]
[[319795.68215045]
 [ 91857.80409291]
 [  9731.65348505]]
[[320001.85192469]
 [ 91942.37331895]
 [  9667.05159021]]
[[320205.96000119]
 [ 92026.45860216]
 [  9602.62215439]]
[[320408.02699692]
 [ 92110.06381625]
 [  9538.36616292]]
[[320608.0733227 ]
 [ 92193.19279067]
 [  9474.28456958]]
[[320806.11918521]
 [ 92275.84931126]
 [  9410.37829719]]
[[321002.18458911]
 [ 92358.0371208 ]
 [  9346.64823811]]
[[321196.28933896]
 [ 92439.75991968]
 [  9283.09525484]]
[[321388.45304131]
 [ 92521.02136644]
 [  9219.72018053]]
[[321578.69510665]
 [ 92601.82507836]
 [  9156.52381951]]
[[321767.03475132]
 [ 92682.17463206]
 [  9093.50694782]]
[[321953.49099956]
 [ 92762.07356404]
 [  9030.67031369]]
[[322138.08268531]
 [ 92841.52537124]
 [  8968.01463809]]
[[322320.8284542 ]
 [ 92920.5335116 ]
 [  8905.54061519]]
[[322501.7467654 ]
 [ 92999.1014046 ]
 [  8843.24891283]]
[[322680.85589349]
 [ 93077.23243177]
 [  8781.14017307]]
[[322858.1739303 ]
 [ 93154.92993724]
 [  8719.21501257]]
[[323033.71878674]
 [ 93232.19722825]
 [  8657.47402313]]
[[323207.50819462]
 [ 93309.03757564]
 [  8595.9177721 ]]
[[323379.55970842]
 [ 93385.45421438]
 [  8534.54680283]]
[[323549.89070708]
 [ 93461.45034403]
 [  8473.36163514]]
[[323718.51839575]
 [ 93537.02912926]
 [  8412.36276572]]
[[323885.45980754]
 [ 93612.19370029]
 [  8351.55066859]]
[[324050.73180521]
 [ 93686.94715342]
 [  8290.92579548]]
[[324214.3510829 ]
 [ 93761.29255142]
 [  8230.48857628]]
[[324376.33416782]
 [ 93835.23292405]
 [  8170.23941942]]
[[324536.69742188]
 [ 93908.77126848]
 [  8110.1787123 ]]
[[324695.45704341]
 [ 93981.91054972]
 [  8050.30682163]]
[[324852.62906872]
 [ 94054.6537011 ]
 [  7990.62409389]]
[[325008.22937378]
 [ 94127.00362467]
 [  7931.13085563]]
[[325162.27367578]
 [ 94198.96319163]
 [  7871.8274139 ]]
[[325314.77753477]
 [ 94270.53524274]
 [  7812.71405662]]
[[325465.75635517]
 [ 94341.72258875]
 [  7753.7910529 ]]
[[325615.22538736]
 [ 94412.5280108 ]
 [  7695.05865343]]
[[325763.19972923]
 [ 94482.95426081]
 [  7636.51709081]]
[[325909.69432768]
 [ 94553.00406187]
 [  7578.16657991]]
[[326054.72398015]
 [ 94622.68010864]
 [  7520.00731821]]
[[326198.3033361 ]
 [ 94691.98506774]
 [  7462.03948611]]
[[326340.44689848]
 [ 94760.92157809]
 [  7404.26324729]]
[[326481.16902524]
 [ 94829.49225133]
 [  7346.67874901]]
[[326620.48393073]
 [ 94897.69967214]
 [  7289.28612243]]
[[326758.40568717]
 [ 94965.54639863]
 [  7232.08548293]]
[[326894.94822604]
 [ 95033.03496268]
 [  7175.07693041]]
[[327030.12533953]
 [ 95100.16787029]
 [  7118.26054958]]
[[327163.95068188]
 [ 95166.94760191]
 [  7061.6364103 ]]
[[327296.4377708 ]
 [ 95233.37661284]
 [  7005.20456782]]
[[327427.59998884]
 [ 95299.45733346]
 [  6948.96506308]]
[[327557.45058469]
 [ 95365.19216966]
 [  6892.91792303]]
[[327686.00267459]
 [ 95430.5835031 ]
 [  6837.06316086]]
[[327813.26924359]
 [ 95495.63369156]
 [  6781.40077628]]
[[327939.2631469 ]
 [ 95560.34506923]
 [  6725.93075583]]
[[328063.99711117]
 [ 95624.71994704]
 [  6670.65307309]]
[[328187.48373581]
 [ 95688.76061298]
 [  6615.56768898]]
[[328309.73549419]
 [ 95752.46933234]
 [  6560.67455198]]
[[328430.764735  ]
 [ 95815.84834807]
 [  6505.97359841]]
[[328550.58368339]
 [ 95878.89988104]
 [  6451.46475268]]
[[328669.2044423 ]
 [ 95941.62613034]
 [  6397.1479275 ]]
[[328786.63899362]
 [ 96004.02927356]
 [  6343.02302414]]
[[328902.89919943]
 [ 96066.11146705]
 [  6289.08993268]]
[[329017.99680318]
 [ 96127.87484624]
 [  6235.34853222]]
[[329131.9434309 ]
 [ 96189.32152585]
 [  6181.79869109]]
[[329244.75059233]
 [ 96250.45360021]
 [  6128.44026712]]
[[329356.42968215]
 [ 96311.2731435 ]
 [  6075.27310782]]
[[329466.99198108]
 [ 96371.78221002]
 [  6022.29705061]]
[[329576.44865701]
 [ 96431.98283441]
 [  5969.51192305]]
[[329684.81076618]
 [ 96491.87703197]
 [  5916.91754302]]
[[329792.08925427]
 [ 96551.46679883]
 [  5864.51371892]]
[[329898.29495747]
 [ 96610.75411225]
 [  5812.30024991]]
[[330003.43860364]
 [ 96669.74093084]
 [  5760.27692607]]
[[330107.53081335]
 [ 96728.42919479]
 [  5708.44352864]]
[[330210.58210096]
 [ 96786.82082613]
 [  5656.79983015]]
[[330312.60287569]
 [ 96844.91772894]
 [  5605.34559466]]
[[330413.60344268]
 [ 96902.72178956]
 [  5554.08057792]]
[[330513.594004  ]
 [ 96960.23487685]
 [  5503.00452757]]
[[330612.5846597 ]
 [ 97017.4588424 ]
 [  5452.11718329]]
[[330710.58540885]
 [ 97074.39552074]
 [  5401.41827702]]
[[330807.60615051]
 [ 97131.04672954]
 [  5350.90753308]]
[[330903.65668475]
 [ 97187.41426985]
 [  5300.5846684 ]]
[[330998.74671364]
 [ 97243.4999263 ]
 [  5250.44939262]]
[[331092.88584225]
 [ 97299.30546729]
 [  5200.50140831]]
[[331186.08357958]
 [ 97354.83264519]
 [  5150.74041112]]
[[331278.34933952]
 [ 97410.08319659]
 [  5101.16608992]]
[[331369.69244187]
 [ 97465.05884241]
 [  5051.77812696]]
[[331460.1221132 ]
 [ 97519.76128816]
 [  5002.57619804]]
[[331549.64748781]
 [ 97574.19222413]
 [  4953.55997266]]
[[331638.27760868]
 [ 97628.35332552]
 [  4904.72911414]]
[[331726.02142834]
 [ 97682.24625269]
 [  4856.0832798 ]]
[[331812.8878098 ]
 [ 97735.87265131]
 [  4807.62212108]]
[[331898.88552744]
 [ 97789.23415254]
 [  4759.34528371]]
[[331984.02326792]
 [ 97842.33237321]
 [  4711.2524078 ]]
[[332068.30963098]
 [ 97895.16891601]
 [  4663.34312803]]
[[332151.75313042]
 [ 97947.74536964]
 [  4615.61707375]]
[[332234.36219486]
 [ 98000.06330898]
 [  4568.07386911]]
[[332316.14516865]
 [ 98052.12429528]
 [  4520.71313322]]
[[332397.11031271]
 [ 98103.92987631]
 [  4473.53448024]]
[[332477.26580533]
 [ 98155.48158651]
 [  4426.53751952]]
[[332556.61974302]
 [ 98206.78094718]
 [  4379.72185574]]
[[332635.18014133]
 [ 98257.8294666 ]
 [  4333.087089  ]]
[[332712.95493567]
 [ 98308.62864023]
 [  4286.63281496]]
[[332789.95198205]
 [ 98359.17995082]
 [  4240.35862495]]
[[332866.17905798]
 [ 98409.48486859]
 [  4194.26410608]]
[[332941.64386314]
 [ 98459.54485138]
 [  4148.34884136]]
[[333016.35402026]
 [ 98509.36134476]
 [  4102.61240979]]
[[333090.3170758 ]
 [ 98558.93578222]
 [  4057.05438652]]
[[333163.54050078]
 [ 98608.2695853 ]
 [  4011.67434289]]
[[333236.03169152]
 [ 98657.36416371]
 [  3966.47184658]]
[[333307.79797035]
 [ 98706.22091549]
 [  3921.44646169]]
[[333378.84658639]
 [ 98754.84122715]
 [  3876.59774886]]
[[333449.18471627]
 [ 98803.22647376]
 [  3831.92526537]]
[[333518.81946485]
 [ 98851.37801917]
 [  3787.42856519]]
[[333587.75786595]
 [ 98899.29721606]
 [  3743.10719915]]
[[333656.00688304]
 [ 98946.98540609]
 [  3698.96071499]]
[[333723.57340995]
 [ 98994.44392005]
 [  3654.98865745]]
[[333790.4642716 ]
 [ 99041.67407797]
 [  3611.19056836]]
[[333856.68622462]
 [ 99088.67718925]
 [  3567.56598677]]
[[333922.24595812]
 [ 99135.45455277]
 [  3524.11444899]]
[[333987.15009429]
 [ 99182.00745701]
 [  3480.83548869]]
[[334051.40518909]
 [ 99228.3371802 ]
 [  3437.728637  ]]
[[334115.01773294]
 [ 99274.44499038]
 [  3394.79342257]]
[[334177.99415136]
 [ 99320.33214558]
 [  3352.02937167]]
[[334240.34080559]
 [ 99365.99989389]
 [  3309.43600826]]
[[334302.06399328]
 [ 99411.44947359]
 [  3267.01285407]]
